16
933 272 550 394 868 649 381 495 533 626 664 541 486 570 333 292 1
211 309 1274 382 363 467 706 575 367 295 903 264 435 243 737 247 1
599 581 597 265 451 521 415 611 245 243 461 233 212 595 226 135 1
354 725 824 647 380 553 295 554 416 386 538 265 587 501 209 138 1
415 689 884 434 339 405 662 716 487 321 816 595 340 583 144 58 1
690 911 674 292 630 704 715 314 189 654 840 513 494 351 259 136 1
446 700 490 393 583 413 776 450 151 464 598 381 238 492 281 302 1
441 558 550 275 365 445 703 1071 711 305 1567 424 617 556 193 142 1
587 645 914 436 196 266 658 352 257 356 868 189 732 455 334 209 1
178 1179 472 340 231 397 600 431 508 334 1527 381 339 188 299 157 1
521 391 532 226 729 242 256 376 458 223 1107 234 303 323 218 218 0
604 623 413 496 438 231 411 484 273 328 376 328 204 542 222 133 0
308 540 408 290 69 125 235 214 277 239 1508 482 409 278 399 255 0
640 559 491 333 201 324 339 249 287 252 939 315 453 490 263 288 0
409 535 664 524 351 405 399 537 288 149 582 351 451 405 229 93 0
583 462 486 402 360 129 310 322 199 296 579 350 322 427 370 106 0
234 185 1060 415 182 83 528 236 329 140 1162 522 441 556 393 253 0
555 341 457 250 282 282 329 295 211 319 964 536 616 489 239 59 0
381 499 656 474 416 237 91 214 403 518 682 358 588 729 292 203 0
370 370 806 472 489 341 215 366 326 463 919 439 459 258 151 131 0
868 766 514 416 1376 1040 931 1063 466 845 1022 628 314 688 344 224 1
503 565 764 734 408 383 777 497 366 728 1018 244 703 828 420 214 1
379 825 366 299 263 835 641 1002 808 415 1433 404 562 665 341 316 1
517 532 613 396 628 1046 1568 777 1247 364 268 224 674 446 284 244 1
265 635 397 480 346 715 967 842 1019 425 568 484 266 557 522 288 1
495 604 523 510 701 929 1596 503 905 659 838 459 558 463 407 190 1
584 1091 803 565 536 1490 1906 622 1048 1507 1418 771 483 484 669 187 1
377 1159 620 283 315 576 940 500 990 463 363 547 452 469 186 224 1
511 1192 665 260 356 444 533 221 1831 1772 1047 749 561 356 110 265 1
487 852 581 278 485 586 818 615 1254 1456 976 563 360 390 240 176 1
406 294 499 365 830 242 202 230 339 322 515 455 333 747 300 255 0
457 533 836 341 572 124 246 225 307 372 1014 291 358 613 416 223 0
300 503 713 449 312 355 420 329 402 267 640 341 173 374 310 179 0
829 463 608 352 319 261 457 243 177 367 416 608 213 613 314 170 0
275 434 702 489 389 369 278 199 150 374 723 351 218 605 339 286 0
588 306 316 133 392 242 326 328 281 273 1031 543 214 653 334 164 0
279 635 389 448 156 150 375 300 448 410 589 317 603 543 396 95 0
462 512 556 350 226 196 340 128 242 246 449 722 570 347 264 120 0
227 704 764 359 364 373 505 314 344 409 504 384 450 608 400 179 0
366 600 661 501 383 179 288 300 284 365 655 475 309 393 413 238 0
1116 873 933 264 674 860 496 314 1116 507 1066 671 766 404 291 223 1
580 934 548 753 736 768 1797 441 771 1387 861 1015 166 595 171 235 1
519 742 525 418 1238 272 1267 426 635 418 798 685 749 494 334 152 1
271 634 454 455 422 853 1735 293 633 1160 940 410 356 452 296 225 1
576 503 445 415 384 618 1512 506 1237 876 704 510 1463 704 199 171 1
462 413 628 498 513 369 814 272 711 970 888 1124 1139 795 314 207 1
615 830 625 511 424 456 489 167 828 720 1124 882 496 628 329 146 1
806 863 610 441 447 375 525 180 658 473 1109 612 452 312 384 214 1
427 800 844 380 285 307 504 265 321 722 468 498 481 601 249 171 1
487 489 692 381 389 407 248 174 322 241 319 303 390 571 353 78 1
404 374 479 239 567 242 139 164 402 226 1174 575 547 663 363 109 0
528 584 720 362 531 264 315 154 340 387 906 343 373 713 344 283 0
294 611 789 521 437 240 231 252 271 331 729 397 640 142 215 169 0
615 456 577 426 280 146 332 173 135 281 951 455 95 633 335 290 0
326 433 647 431 317 349 453 324 411 218 731 505 516 573 316 118 0
563 323 360 120 479 207 123 362 279 279 792 113 321 599 326 101 0
261 651 387 368 204 195 277 348 503 404 562 563 261 374 297 128 0
464 590 509 314 241 190 403 128 259 360 1511 410 250 333 206 101 0
224 626 734 448 507 315 345 146 141 254 779 482 481 466 308 67 0
432 546 691 365 314 151 217 217 298 465 815 658 370 458 351 131 0
753 858 882 253 729 501 892 218 1240 437 916 417 490 663 282 226 1
391 778 1250 474 457 335 900 432 823 596 946 443 420 711 346 136 1
524 712 593 242 566 374 1209 141 678 445 1827 319 388 698 397 220 1
359 785 646 622 395 575 861 380 1243 392 1452 1014 344 487 520 220 1
405 323 519 299 540 459 950 436 598 710 467 322 489 541 360 200 1
787 836 746 280 855 349 876 355 429 637 834 343 399 669 362 97 1
492 929 792 523 386 544 902 233 293 848 406 701 494 644 302 345 1
568 543 471 498 453 611 990 377 850 1020 1308 457 317 569 313 152 1
384 1448 772 610 701 537 663 231 627 508 618 721 525 492 516 213 1
521 682 774 270 293 70 475 221 338 259 844 261 242 170 196 163 1
222 177 572 401 926 323 66 192 268 235 1233 649 543 1003 290 142 0
913 342 390 248 409 256 630 150 188 296 887 374 495 470 305 126 0
376 504 707 558 391 405 314 509 247 286 643 190 376 591 319 177 0
450 506 722 343 368 231 268 277 256 266 826 291 289 575 433 126 0
404 698 934 613 603 226 321 245 193 447 655 571 282 387 417 167 0
448 584 559 364 409 205 278 274 196 258 729 221 80 475 269 88 0
197 483 733 495 431 176 664 291 259 352 886 537 385 587 324 130 0
411 618 739 440 326 358 348 252 422 368 719 340 370 484 212 28 0
212 295 407 350 256 192 277 316 164 244 838 379 626 778 339 155 0
419 413 513 137 416 193 225 166 275 215 1065 814 305 712 593 206 0
881 851 646 293 805 470 512 541 769 413 1199 1091 351 670 322 169 1
464 426 630 317 422 206 872 440 590 754 661 437 692 401 299 162 1
668 770 386 679 800 290 752 704 808 586 757 308 451 561 412 205 1
283 452 768 403 787 243 587 282 1763 1093 1574 882 751 541 286 195 1
374 771 419 424 1201 379 642 240 1615 486 793 469 674 453 292 222 1
470 878 748 629 611 877 1345 261 661 531 1024 753 367 595 425 249 1
352 1644 670 361 615 344 2858 372 1504 1288 649 601 261 350 359 300 1
394 794 1660 712 631 777 771 617 721 1075 1094 892 970 747 297 377 1
250 923 647 551 319 991 1260 601 594 1468 887 1245 410 765 378 266 1
364 709 1181 284 531 287 366 397 947 783 654 398 398 798 243 185 1
855 599 572 237 1255 298 274 223 454 241 1011 381 388 436 235 198 0
381 449 702 461 330 326 529 312 287 292 963 368 411 448 336 120 0
575 445 420 460 490 161 255 229 373 201 1039 458 499 381 177 169 0
359 560 734 321 541 208 299 434 158 291 1127 340 354 470 236 234 0
462 327 442 333 421 143 175 179 249 216 1295 480 322 504 292 118 0
512 360 785 411 356 221 366 470 461 466 639 470 684 443 258 152 0
237 339 869 417 121 200 329 222 164 373 596 410 315 677 254 234 0
287 321 662 251 426 233 360 172 232 283 1057 262 301 583 234 109 0
384 366 523 454 321 336 544 318 261 283 357 689 331 375 219 260 0
462 472 517 286 401 266 427 108 271 211 865 357 685 394 94 100 0
727 1285 674 326 860 449 2027 561 2087 681 1170 727 416 771 386 135 1
501 1547 855 656 447 510 1472 566 1434 639 845 529 824 537 244 166 1
857 956 1223 847 1076 865 1327 598 662 663 495 1281 465 899 392 87 1
143 551 554 366 717 541 629 400 769 702 1130 709 664 432 347 153 1
536 731 851 516 350 641 565 293 296 537 687 490 706 502 259 186 1
447 562 554 416 420 310 1016 300 643 474 1119 395 653 590 381 182 1
229 583 779 311 306 330 456 205 361 497 1157 291 415 498 396 239 1
489 368 614 467 293 181 266 236 277 428 814 310 372 426 238 225 1
536 465 500 302 215 257 263 417 266 347 907 214 358 421 246 116 1
526 429 584 362 356 298 338 494 442 480 639 657 482 662 322 190 1
533 601 613 211 724 399 103 233 338 442 881 378 325 409 214 182 0
413 377 654 321 356 197 252 306 354 278 913 314 450 464 215 85 0
385 408 419 327 196 313 533 290 206 450 435 220 431 456 141 134 0
212 729 317 346 248 399 251 310 340 265 958 453 385 594 487 349 0
493 376 434 398 322 215 281 246 311 198 1239 388 425 263 327 119 0
626 383 503 511 504 458 573 196 374 280 711 335 598 756 221 104 0
327 445 528 570 362 351 158 161 391 431 620 491 333 595 370 122 0
695 439 545 421 377 376 520 346 292 255 871 548 227 520 486 166 0
427 574 649 330 446 218 410 307 320 407 1022 339 267 749 420 150 0
504 440 504 230 390 211 311 186 216 268 719 442 239 382 255 213 0
